0.106029 -0.000273855 0.000037774 0.153874755 -0.000140827 0.000353584 -0.000007307 0.999999940
0.307869 0.009709811 0.019891223 2.146840334 0.001410062 -0.001294275 0.001106230 0.999997556
0.509795 0.004469758 0.033815060 4.098549366 0.004415045 -0.000881143 0.004287684 0.999980688
0.722502 -0.004358235 0.052256778 5.977861881 0.001443837 0.000677954 0.004514586 0.999988496
0.924309 0.007509832 0.061784651 7.863731384 0.001774503 0.001477224 0.004454711 0.999987364
1.136509 0.016983841 0.074147187 9.708161354 0.003847888 0.002611060 0.003893265 0.999981582
1.338360 0.037254833 0.082649946 11.532134056 0.004566926 0.003094180 0.004960927 0.999972463
1.552419 0.058695756 0.090982817 13.343313217 0.003040122 0.003804553 0.005617328 0.999972343
1.755855 0.079987772 0.097792931 15.126585960 0.002105647 0.005634464 0.005984070 0.999963999
1.957615 0.121709034 0.112370551 16.934791565 0.001841561 0.006969349 0.004564711 0.999963641
2.170644 0.151220351 0.121908858 18.698755264 0.002741055 0.008237972 0.004802391 0.999950826
2.372467 0.189724490 0.137558550 20.448587418 0.003099541 0.009836171 0.004757063 0.999935508
2.584479 0.236212686 0.146573037 22.178335190 0.003161155 0.011074004 0.004764493 0.999922335
2.786180 0.280605793 0.156352252 23.889869690 0.005361054 0.012103147 0.004686041 0.999901414
2.998286 0.328176171 0.158485800 25.564516068 0.005721998 0.012554899 0.004602733 0.999894261
3.200111 0.384021550 0.166901812 27.171306610 0.003907634 0.013319545 0.003784945 0.999896467
3.412299 0.436697364 0.177757978 28.753303528 0.003499544 0.014544342 0.003498014 0.999881923
3.614108 0.493806839 0.192716077 30.304491043 0.003276662 0.016045110 0.002916974 0.999861658
3.826872 0.552786410 0.194217443 31.801944733 0.004762894 0.018391298 0.003304388 0.999814034
4.029353 0.618982673 0.201280072 33.269508362 0.005872400 0.020219324 0.002599993 0.999774933
4.241105 0.696105659 0.205130264 34.682067871 0.005309851 0.021907471 0.000561277 0.999745727
4.442913 0.769936383 0.206015974 36.091442108 0.006639761 0.023000298 -0.000523390 0.999713302
4.655095 0.855916619 0.209186122 37.411769867 0.006386431 0.022665270 -0.003015974 0.999718189
4.856786 0.910515606 0.210743904 38.705112457 0.004121781 0.020409143 -0.004356310 0.999773681
5.068872 0.973385215 0.214413807 39.991611481 0.005630674 0.017074218 -0.007158105 0.999812722
5.270647 1.037065387 0.214620829 41.198387146 0.007982714 0.012854472 -0.012008847 0.999813378
5.483357 1.078512669 0.208986789 42.359497070 0.009267357 0.007333034 -0.015614409 0.999808192
5.685763 1.108783126 0.207728967 43.445411682 0.009834975 0.000055834 -0.020010881 0.999751329
5.897669 1.116860151 0.204479128 44.438228607 0.009728274 -0.007219291 -0.023690388 0.999645948
6.099462 1.096498489 0.206511721 45.339881897 0.007017782 -0.015028859 -0.026810410 0.999502957
6.311991 1.073025584 0.204200268 46.170051575 0.007115005 -0.022957416 -0.026950106 0.999347806
6.514191 1.035072446 0.203266069 46.894363403 0.007366224 -0.031523071 -0.029043600 0.999053895
6.717303 1.011166930 0.201447889 47.513542175 0.006866398 -0.040553663 -0.033474471 0.998592913
6.930626 0.941284239 0.209117219 48.059272766 0.005963909 -0.050251976 -0.032487020 0.998190224
7.143139 0.872873008 0.213094249 48.584129333 0.001703546 -0.062833019 -0.032220446 0.997502267
7.345668 0.810957730 0.210037157 49.118221283 -0.000669431 -0.078877665 -0.033694450 0.996314466
7.547466 0.699219167 0.217728019 49.609245300 -0.002420754 -0.096428029 -0.033677656 0.994767129
7.760614 0.581235349 0.223489955 50.093524933 -0.003827948 -0.116728619 -0.033166148 0.992602587
7.973016 0.434731483 0.222784579 50.584995270 -0.006565919 -0.139168933 -0.034497663 0.989645779
8.174707 0.273220956 0.231334329 51.075916290 -0.008650266 -0.165294260 -0.036275558 0.985539019
8.387137 0.059876166 0.241623819 51.553737640 -0.011111237 -0.194562823 -0.037727132 0.980101287
8.588902 -0.210411459 0.265416056 52.037029266 -0.013871621 -0.227820978 -0.035553154 0.972954810
8.790803 -0.509398580 0.277762324 52.502407074 -0.018746974 -0.265450299 -0.035089392 0.963303447
9.003961 -0.857180893 0.288917035 52.969726562 -0.023920923 -0.306036234 -0.036610950 0.951014817
9.419890 -1.823783994 0.339259505 53.963546753 -0.031447578 -0.396459788 -0.040280312 0.916628718
9.632157 -2.459041595 0.374072820 54.405101776 -0.033473112 -0.444774151 -0.039499968 0.894145012
10.039274 -4.002365112 0.463639379 55.179080963 -0.034919009 -0.542961895 -0.037310336 0.838201046
10.242026 -4.926367283 0.487789541 55.462318420 -0.037334975 -0.586496353 -0.039053921 0.808147967
10.454321 -5.914290428 0.557330191 55.617183685 -0.030503206 -0.624796927 -0.029946472 0.779616356
10.869422 -8.033240318 0.674783409 55.790473938 -0.022252889 -0.680795193 -0.021248704 0.731827319
11.283421 -10.372357368 0.792400539 55.773792267 -0.016520675 -0.707415760 -0.016546875 0.706410706
11.697327 -12.864373207 0.919668138 55.685428619 -0.014148256 -0.718596876 -0.014924072 0.695122778
12.101160 -15.582350731 1.048332214 55.586620331 -0.008095063 -0.721071780 -0.008766284 0.692757547
12.313715 -16.960712433 1.113009810 55.523841858 -0.009326575 -0.721051157 -0.010192570 0.692744076
12.515711 -18.384168625 1.178981423 55.480575562 -0.012411371 -0.719800115 -0.013326925 0.693942428
12.930388 -21.333562851 1.339021206 55.406677246 -0.008072855 -0.715930164 -0.008685424 0.698071241
13.131997 -22.792522430 1.414901137 55.373569489 -0.011773812 -0.714034915 -0.012278002 0.699903369
13.546569 -25.741003036 1.585158110 55.355442047 -0.009577499 -0.709082603 -0.009728950 0.704993248
13.758699 -27.235708237 1.663506627 55.370544434 -0.011797064 -0.706471145 -0.011760034 0.707545698
14.173896 -30.188798904 1.839176536 55.384994507 -0.007282046 -0.702049434 -0.006883297 0.712057590
14.375696 -31.693138123 1.924678206 55.416873932 -0.005052026 -0.699712396 -0.004452067 0.714392781
14.587675 -33.178508759 2.002484322 55.470863342 -0.007708320 -0.697330415 -0.006950071 0.716674685
14.789470 -34.673717499 2.084931135 55.524467468 -0.007710513 -0.695553541 -0.006817930 0.718400538
15.002270 -36.184856415 2.171801090 55.596843719 -0.009363387 -0.693406284 -0.008347251 0.720437586
15.204012 -37.713680267 2.260330200 55.676082611 -0.012259038 -0.691347480 -0.011055753 0.722333789
15.617567 -40.792007446 2.450853348 55.869308472 -0.016581349 -0.686519980 -0.015113423 0.726764798
15.831878 -42.366565704 2.556651115 55.976402283 -0.018971590 -0.683552980 -0.017352402 0.729448020
16.033700 -43.954437256 2.666419268 56.111331940 -0.017985657 -0.680369735 -0.016214669 0.732468903
16.235840 -45.542663574 2.765799761 56.253253937 -0.024707034 -0.676077724 -0.022486899 0.736072481
16.447780 -47.136978149 2.887130499 56.429004669 -0.029786617 -0.670268238 -0.027134480 0.741024196
16.649700 -48.772850037 3.022084951 56.622100830 -0.029880073 -0.664524794 -0.027107008 0.746176302
16.861617 -50.414478302 3.154576302 56.843330383 -0.027087569 -0.658973992 -0.024446789 0.751280248
17.063927 -52.032684326 3.264406681 57.089668274 -0.023552129 -0.653340697 -0.021229275 0.756399691
17.277957 -53.599742889 3.370943308 57.348190308 -0.026951281 -0.648414969 -0.023995463 0.760431349
17.480110 -55.156364441 3.489529610 57.628997803 -0.030220605 -0.644368768 -0.026830874 0.763646424
17.893985 -58.169349670 3.717990398 58.203353882 -0.023700831 -0.637492955 -0.020928113 0.769807160
18.105817 -59.632305145 3.815503120 58.510715485 -0.023866400 -0.634840250 -0.021665517 0.771970809
18.307815 -61.072654724 3.907692432 58.818538666 -0.027495023 -0.633125007 -0.025301928 0.773147166
18.519596 -62.436107635 3.997063637 59.107624054 -0.032071866 -0.631586134 -0.029382285 0.774084568
18.721390 -63.800292969 4.093266964 59.410636902 -0.033114795 -0.630205989 -0.030382482 0.775126278
18.933664 -65.114730835 4.191799164 59.699592590 -0.030716686 -0.629993200 -0.028281013 0.775477409
19.135710 -66.393005371 4.286584854 59.969055176 -0.030032920 -0.630532265 -0.027778184 0.775084138
19.348051 -67.625144958 4.372951984 60.229049683 -0.031758219 -0.631995738 -0.029425398 0.773761511
19.560061 -68.813270569 4.463994503 60.467292786 -0.032800887 -0.633828521 -0.029999198 0.772195220
19.966310 -71.116630554 4.633256435 60.913158417 -0.028198879 -0.637482226 -0.025835311 0.769515336
20.178464 -72.222892761 4.714563370 61.109676361 -0.027526613 -0.639105737 -0.024465065 0.768236697
20.380303 -73.316383362 4.789397240 61.316688538 -0.029529342 -0.640229046 -0.026370883 0.767163217
20.592067 -74.400749207 4.864567280 61.503925323 -0.026427019 -0.640767157 -0.022896066 0.766938627
20.794023 -75.505279541 4.940307140 61.696331024 -0.023452215 -0.639353752 -0.019405866 0.768309832
20.996122 -76.614662170 5.018739223 61.908840179 -0.024778910 -0.635746658 -0.020843284 0.771218359
21.208801 -77.743438721 5.094998360 62.154125214 -0.024436655 -0.630270958 -0.020252284 0.775726199
21.410751 -78.901618958 5.167400837 62.436466217 -0.024334215 -0.623366416 -0.020103130 0.781292617
21.623125 -80.075309753 5.243539810 62.760181427 -0.027076360 -0.615297496 -0.022835938 0.787498832
21.835009 -81.265884399 5.312709808 63.092906952 -0.030853238 -0.606814921 -0.026653182 0.793796718
22.036899 -82.499534607 5.402508736 63.459148407 -0.032941341 -0.598004758 -0.028613960 0.800303876
22.238646 -83.758934021 5.486227036 63.887489319 -0.034422521 -0.589328527 -0.030307857 0.806590497
22.653648 -86.487731934 5.648433685 64.837486267 -0.025041815 -0.570625007 -0.021725325 0.820541263
22.855950 -87.889823914 5.724087238 65.375068665 -0.020717723 -0.563373268 -0.016232047 0.825783134
23.069174 -89.336166382 5.795018196 65.926628113 -0.012574524 -0.557538748 -0.007063721 0.830025613
23.483206 -92.187789917 5.939424515 67.147239685 -0.018198773 -0.545224428 -0.008706871 0.838047385
23.685737 -93.568206787 6.021636486 67.825279236 -0.021810494 -0.541167498 -0.013923978 0.840516686
23.898253 -94.922203064 6.124038219 68.459327698 -0.025503349 -0.537463367 -0.017117471 0.842727602
24.100744 -96.265808105 6.222723007 69.108947754 -0.026554616 -0.533442676 -0.018572802 0.845215201
24.515011 -98.799285889 6.413976669 70.378173828 -0.024626529 -0.526725233 -0.017838825 0.849491477
24.727685 -100.012245178 6.501678944 70.993225098 -0.023912260 -0.524804771 -0.016536798 0.850726008
24.929579 -101.202621460 6.583524227 71.605979919 -0.023307767 -0.522849441 -0.015915915 0.851957679
25.142191 -102.319908142 6.664017200 72.185852051 -0.023802508 -0.521023989 -0.015895257 0.853062034
25.344694 -103.427566528 6.746668339 72.749259949 -0.023366518 -0.518070877 -0.014249617 0.854899764
25.759501 -105.530494690 6.898974895 73.869995117 -0.021877097 -0.512143135 -0.011682367 0.858541906
25.961338 -106.541717529 6.972305775 74.426948547 -0.022326596 -0.508885086 -0.011527585 0.860467613
26.173203 -107.535484314 7.049137115 74.985458374 -0.024154264 -0.504259765 -0.012222430 0.863127708
26.374944 -108.497314453 7.126949310 75.564308167 -0.030798852 -0.498423368 -0.018167619 0.866196036
26.791151 -110.456138611 7.297118664 76.821746826 -0.036519229 -0.485368431 -0.026329719 0.873149872
27.205488 -112.485847473 7.466450691 78.218696594 -0.034486793 -0.471821606 -0.030753493 0.880482435
27.621154 -114.625572205 7.619670868 79.741828918 -0.039335925 -0.457263261 -0.037121139 0.887685239
27.823848 -115.732131958 7.700126171 80.589561462 -0.038701285 -0.449913353 -0.038463980 0.891403794
28.238550 -118.044593811 7.866180897 82.428878784 -0.038278565 -0.432223827 -0.040218011 0.900055468
28.653031 -120.452056885 8.030712128 84.458641052 -0.035752594 -0.421192527 -0.037777059 0.905478537
29.068062 -122.997802734 8.206999779 86.630363464 -0.027455717 -0.413657337 -0.025501631 0.909661174
29.483823 -125.545158386 8.364608765 88.998268127 -0.029868945 -0.405277818 -0.030464999 0.913197517
29.685990 -126.858329773 8.439455986 90.202278137 -0.025728742 -0.401834399 -0.029924354 0.914861619
30.100731 -129.517303467 8.564146996 92.633895874 -0.019869566 -0.390569270 -0.020248471 0.920136333
30.303871 -130.842391968 8.636725426 93.897987366 -0.023476958 -0.383788586 -0.018713772 0.922932863
30.719108 -133.420669556 8.790425301 96.545738220 -0.020708892 -0.370465398 -0.012199144 0.928535223
31.134586 -135.953826904 8.955480576 99.276237488 -0.016122395 -0.363832682 -0.006738526 0.931300342
31.558540 -138.466262817 9.103964806 102.044479370 -0.014247129 -0.363981068 -0.005858219 0.931278944
31.760307 -139.711334229 9.177369118 103.439994812 -0.016383888 -0.365973741 -0.009295940 0.930434525
32.174072 -142.286346436 9.316159248 106.207473755 -0.015470213 -0.371330500 -0.012253396 0.928290963
32.385925 -143.547790527 9.393918037 107.527366638 -0.015958853 -0.375546962 -0.011012778 0.926600456
32.790184 -146.083724976 9.556929588 110.146102905 -0.021225046 -0.384586930 -0.018662419 0.922656000
33.213926 -148.666503906 9.700809479 112.674461365 -0.019081328 -0.393643230 -0.016415488 0.918918550
33.417034 -149.972274780 9.783055305 113.907546997 -0.020106787 -0.398292452 -0.015134036 0.916913211
33.619092 -151.295776367 9.853611946 115.137123108 -0.020866085 -0.403071433 -0.016235854 0.914786577
33.822238 -152.622344971 9.928510666 116.346649170 -0.021459080 -0.409792066 -0.017075241 0.911766648
34.235996 -155.395950317 10.114616394 118.757171631 -0.025130965 -0.423981935 -0.021755261 0.905060470
34.650500 -158.249603271 10.244535446 121.091293335 -0.019843653 -0.441121697 -0.022165649 0.896954000
35.064978 -161.258422852 10.398070335 123.327125549 -0.024268636 -0.457466722 -0.020867802 0.888650477
35.280595 -162.799087524 10.489850998 124.403793335 -0.021011595 -0.465053648 -0.018060634 0.884848833
35.482427 -164.327972412 10.567966461 125.416778564 -0.020795982 -0.472042441 -0.017346952 0.881159723
35.896706 -167.316284180 10.726897240 127.384346008 -0.016648645 -0.482280254 -0.014078110 0.875745535
36.099464 -168.777618408 10.802916527 128.305435181 -0.020659519 -0.485710680 -0.016301364 0.873723388
36.312610 -170.234268188 10.875535011 129.218765259 -0.019568576 -0.489582956 -0.016211959 0.871586323
36.726439 -173.092895508 11.012017250 130.921524048 -0.013233760 -0.494399816 -0.008573718 0.869091570
36.938305 -174.443389893 11.079430580 131.726928711 -0.020919971 -0.497255683 -0.014645986 0.867228150
37.344293 -177.165771484 11.212848663 133.353820801 -0.012398025 -0.501452923 -0.011766218 0.865016162
37.760369 -179.723754883 11.326424599 134.804351807 -0.014841476 -0.506739795 -0.013306502 0.861868620
37.962462 -180.985031128 11.380914688 135.502014160 -0.014086399 -0.509338856 -0.013053412 0.860351741
38.376714 -183.390258789 11.485323906 136.805923462 -0.017023815 -0.517275035 -0.014826493 0.855521381
38.579448 -184.589691162 11.538281441 137.421661377 -0.019331634 -0.522065043 -0.016028285 0.852535903
38.995650 -187.001007080 11.653957367 138.626556396 -0.023053493 -0.534691215 -0.020322299 0.844488502
39.411119 -189.518280029 11.786258698 139.808013916 -0.029274274 -0.546925902 -0.026363304 0.836253643
39.623718 -190.836196899 11.866444588 140.395828247 -0.031690020 -0.553818345 -0.028668858 0.831540227
39.826347 -192.195098877 11.951416016 140.944396973 -0.032636262 -0.560291290 -0.029150330 0.827138901
40.039584 -193.623138428 12.037675858 141.500320435 -0.030851088 -0.566775441 -0.027434390 0.822837234
40.444082 -196.627502441 12.198916435 142.593536377 -0.023638144 -0.578091800 -0.022050548 0.815331101
40.857868 -199.792831421 12.336202621 143.657882690 -0.026575964 -0.586938977 -0.021957627 0.808896959
41.069931 -201.470458984 12.430193901 144.170135498 -0.025780892 -0.590425193 -0.019218782 0.806451499
41.281911 -203.168350220 12.536761284 144.675247192 -0.018180497 -0.595534205 -0.011898336 0.803036034
41.686093 -206.587478638 12.756755829 145.715850830 -0.026327694 -0.603085339 -0.021105073 0.796962619
41.899825 -208.395767212 12.871068001 146.215362549 -0.025606802 -0.607747257 -0.021258289 0.793432772
42.313622 -212.019515991 13.098470688 147.163284302 -0.024532009 -0.615614891 -0.019612981 0.787420988
42.515535 -213.891510010 13.226064682 147.625823975 -0.023374895 -0.618523896 -0.018563131 0.785198808
42.930615 -217.609741211 13.456253052 148.532287598 -0.024613531 -0.621163070 -0.020758733 0.783019543
43.344971 -221.389770508 13.688729286 149.419616699 -0.022654884 -0.623973012 -0.019197579 0.780881464
43.549709 -223.294448853 13.813870430 149.861755371 -0.021996323 -0.625887156 -0.018560762 0.779382408
43.763407 -225.145324707 13.923904419 150.281463623 -0.025676042 -0.626946568 -0.021594597 0.778339624
43.965643 -227.040222168 14.052402496 150.704620361 -0.025044475 -0.629067898 -0.021557067 0.776647747
44.167740 -228.895339966 14.164759636 151.105575562 -0.020639937 -0.631607771 -0.017886700 0.774806857
44.583368 -232.605819702 14.371359825 151.869750977 -0.021694252 -0.638001740 -0.019300794 0.769487202
44.795284 -234.448165894 14.478275299 152.217590332 -0.021181578 -0.641109526 -0.019016212 0.766921341
44.997155 -236.325897217 14.575048447 152.561370850 -0.022669695 -0.644487798 -0.020817060 0.763994932
45.209210 -238.187591553 14.675445557 152.899429321 -0.024461800 -0.647164106 -0.023113875 0.761607528
45.411233 -240.048980713 14.780066490 153.219314575 -0.030086849 -0.649179697 -0.028808819 0.759493589
45.623196 -241.873153687 14.886723518 153.512420654 -0.031023540 -0.651700556 -0.029975176 0.757248640
45.825017 -243.724273682 14.993537903 153.779022217 -0.028362382 -0.654287457 -0.027653981 0.755207717
46.037003 -245.561843872 15.105738640 154.060913086 -0.027189996 -0.657005012 -0.026494607 0.752929807
46.239059 -247.392913818 15.205887794 154.330047607 -0.029282611 -0.660265267 -0.028525438 0.749919057
46.441121 -249.192596436 15.294692039 154.545410156 -0.022157338 -0.664447486 -0.021336997 0.746701539
46.856261 -252.754806519 15.509999275 154.952209473 -0.033108573 -0.671674550 -0.031428855 0.739438534
47.068571 -254.539642334 15.627343178 155.119232178 -0.030512609 -0.675901651 -0.029546831 0.735766947
47.270481 -256.341094971 15.747377396 155.270370483 -0.030831838 -0.679560781 -0.030303340 0.732344329
47.482513 -258.107025146 15.849880219 155.423156738 -0.031403713 -0.684781551 -0.031294465 0.727398634
47.684266 -259.867706299 15.953168869 155.515731812 -0.029851221 -0.690199375 -0.029761523 0.722390473
47.897416 -261.619567871 16.042346954 155.589874268 -0.030990962 -0.694530010 -0.030811021 0.718135297
48.099492 -263.377593994 16.140499115 155.640304565 -0.029836347 -0.699148595 -0.029765174 0.713733256
48.311410 -265.097442627 16.241500854 155.667297363 -0.028179826 -0.703680933 -0.028132208 0.709399521
48.514110 -266.857604980 16.331075668 155.675781250 -0.029738782 -0.706325769 -0.029735213 0.706636608
48.929169 -270.317687988 16.531259537 155.655975342 -0.023205666 -0.709906161 -0.023295064 0.703528285
49.132091 -272.051574707 16.627496719 155.637863159 -0.022857301 -0.710277379 -0.022979172 0.703175306
49.344973 -273.759826660 16.729606628 155.615814209 -0.021936206 -0.709809601 -0.022064609 0.703706145
49.546736 -275.416748047 16.834150314 155.600402832 -0.020835606 -0.709011316 -0.020937378 0.704578161
49.758561 -277.057739258 16.929952621 155.589019775 -0.018814836 -0.707249224 -0.018832313 0.706462920
49.961693 -278.666229248 17.029169083 155.603225708 -0.016864154 -0.705266654 -0.016802378 0.708542407
50.173837 -280.194610596 17.109878540 155.642517090 -0.018201767 -0.702645481 -0.018078225 0.711077452
50.375745 -281.707946777 17.191051483 155.681411743 -0.020166438 -0.699360907 -0.019967085 0.714205146
50.587868 -283.178314209 17.266462326 155.727813721 -0.018367723 -0.697170675 -0.018176131 0.716439307
50.791421 -284.605316162 17.337486267 155.786697388 -0.018426018 -0.694215655 -0.018212190 0.719300747
50.993558 -285.941589355 17.401155472 155.851318359 -0.019798543 -0.691639602 -0.019506913 0.721707880
51.205516 -287.265930176 17.468055725 155.927703857 -0.022150289 -0.689207911 -0.021836396 0.723895848
51.407935 -288.493469238 17.528070450 156.017684937 -0.023910847 -0.686820507 -0.023617478 0.726049602
51.619908 -289.695281982 17.590517044 156.102905273 -0.024135485 -0.684496939 -0.023811171 0.728226960
52.024054 -291.984436035 17.710252762 156.287414551 -0.027292032 -0.679773808 -0.027068604 0.732413828
52.236602 -293.045318604 17.770544052 156.379791260 -0.028284233 -0.677503824 -0.028055301 0.734439552
52.438893 -294.102966309 17.833349228 156.475753784 -0.028805884 -0.675244808 -0.028478235 0.736480653
52.853675 -296.045837402 17.935901642 156.681549072 -0.031621866 -0.673087835 -0.031198664 0.738227248
53.066619 -297.035400391 17.996641159 156.766006470 -0.031826057 -0.673205495 -0.031340785 0.738105118
53.481196 -299.064147949 18.106996536 156.963317871 -0.032084677 -0.675697744 -0.031520259 0.735805333
53.684267 -300.112060547 18.174999237 157.055175781 -0.032708380 -0.677192509 -0.031667247 0.734395981
53.896694 -301.220825195 18.226072311 157.149856567 -0.034644715 -0.678889632 -0.033628285 0.732651174
54.098785 -302.371154785 18.318778992 157.222259521 -0.027273441 -0.680520594 -0.026109893 0.731755555
54.310962 -303.563476562 18.390821457 157.309204102 -0.028623948 -0.682415545 -0.027562629 0.729883552
54.724888 -306.095550537 18.549594879 157.462234497 -0.025617123 -0.684673071 -0.024509877 0.727987468
54.926646 -307.425262451 18.631259918 157.560424805 -0.028441012 -0.686408579 -0.027480774 0.726139963
55.340243 -310.206542969 18.812355042 157.736785889 -0.031842381 -0.688593984 -0.031060450 0.723781526
55.542692 -311.635589600 18.916748047 157.804901123 -0.032985561 -0.689843953 -0.032126147 0.722492278
55.756582 -313.109008789 19.018381119 157.873565674 -0.036168739 -0.690441191 -0.035179276 0.721626699
55.958305 -314.613464355 19.141508102 157.924606323 -0.030206475 -0.691650152 -0.029250251 0.721007705
56.372356 -317.745819092 19.375045776 158.030456543 -0.028331960 -0.693234742 -0.027384527 0.719633937
56.585585 -319.351318359 19.497236252 158.098358154 -0.026585307 -0.693196356 -0.025644002 0.719801664
